20193
20194
20502
20588
20652
20694
20971
20976
21049
21172
21436
21442
21569
21615
21858
22323
22577
22640
22643
22887
22929
22949
22969
23113
23275
23277
23371
23479
23485
23589
23650
23798
23812
23832
23870
23871
23877
23968
24077
24081
24168
24170
24171
24289
24433
24573
24688
24741
24951
25121
25296
25298
25408
25409
25797
25932
26118
26244
26306
26422
26433
26503
26540
26568
26715
26851
26970
27017
27076
27192
27253
27336
27372
27388
27425
27739
27841
27843
27901
27903
27989
28010
28129
28190
28345
28657
28706
28745
28922
28975
29196
29300
29352
29434
29438
29469
29525
29623
29651
29719
29859
29879
29881
29883
30028
30056
30124
30200
30234
30248
30290
30460
30562
30775
30996
31021
31023
31417
31485
31543
31699
31700
31778
31979
32598
32749
32840
32980
33029
33211
33282
33311
33510
33517
33620
33692
33717
33775
33890
34015
34321
34537
34547
34571
34694
35142
35220
35814
36135
36154
36424
36472
36692
36746
37210
37522
38786
39151
39414
39597
39753
39788
39944
40220
40326
40771
41120
41157
41199
41229
41373
41409
41473
41551
41648
41651
41749
41762
41788
41790
41804
41847
41894
42014
42015
42016
42096
42192
42371
42372
42428
42486
42505
42532
42533
42543
42544
42546
42585
42626
42627
42629
42681
42690
42713
42750
42769
42778
42779
42780
42818
42822
42861
42969
43019
43020
43033
43181
43310
43311
43694
43696
43769
43770
43834
43913
44003
44004
44052
44068
44221
44229
44245
44301
44370
44371
44458
44460
44510
44515
44519
44613
44691
44693
44738
44739
44740
44769
44834
44856
44900
44967
44969
45045
45047
45049
45068
45073
45133
45136
45144
45201
45202
45233
45252
45262
45312
45374
45494
45674
45679
45731
45789
45952
46005
46031
46034
46036
46105
46106
46107
46108
46148
46160
46161
46189
48245
49068
49478
49793
49833
49834
50149
50410
50443
50488
50542
50778
50840
50955
50971
51010
51092
51192
51938
51950
51995
52058
52315
52389
52447
52532
52584
52670
52746
52928
52929
52966
53219
53221
53223
53224
53227
53251
53263
53273
53284
53285
53286
53287
53288
53289
53290
53331
53345
53346
53347
53348
53349
53369
53379
53387
53449
53478
53569
53595
53610
53611
53658
53661
53702
53735
53743
53819
53868
53888
53920
53921
53924
53932
53937
53944
53999
54000
54001
54002
54003
54004
54011
54030
54127
54130
54131
54132
54330
54369
54370
54371
54392
54429
54430
54431
54432
54433
54437
54451
54469
54471
54472
54473
54474
54501
54502
54503
54504
54505
54518
54545
54546
54547
54568
54569
54570
54571
54572
54587
54588
54602
54628
54682
54683
54684
54685
54686
54688
54689
54690
54691
54692
54698
54701
54730
54732
54768
54769
54770
54771
54788
54790
54791
54810
54812
54820
54821
54822
54823
54826
54863
54864
54894
54895
54896
54908
54909
54910
54911
54912
54913
54914
54915
54916
54921
54928
54993
54994
54995
54996
54997
54998
54999
55028
55029
55030
55031
55049
55050
55051
55052
55053
55054
55093
55094
55095
55096
55097
55098
55099
55129
55137
55159
55162
55189
55190
55210
55211
55248
55249
55250
55251
55252
55291
55293
55294
55295
55296
55297
55298
55299
55300
55302
55320
55350
55409
55428
55429
55469
55470
55471
55472
55473
55474
55488
55489
55490
55494
55495
55496
55528
55529
55530
55550
55552
55553
55554
55555
55556
55557
55558
55568
55588
55589
55590
55608
55628
55630
55631
55634
55635
55636
55637
55638
55639
55648
55649
55650
55651
55652
55668
55669
55671
55672
55689
55690
55729
55731
55732
55734
55737
55738
55750
55791
55831
55834
55888
55974
55975
55976
55977
55978
55979
56033
56057
56114
56141
56189
56190
56232
56250
56295
56296
56297
56370
56371
56372
56374
56425
56434
56468
56470
56475
56477
56491
56510
56549
56580
56588
56591
56592
56601
56628
56637
56648
56649
56673
56674
56699
56700
56701
56702
56728
56729
56730
56731
56751
56779
56813
56851
56868
56869
56870
56871
56885
56888
56910
56911
56955
57048
57103
57105
57109
57189
57190
57235
57308
57309
57422
57449
57532
57547
57553
57554
57607
57667
57668
57843
57982
58041
58102
58151
58153
58154
58189
58238
58239
58241
58245
58246
58286
58288
58350
58410
58771
58885
58996
